146
406
441
456
540
594
698
827
830
936
940
1149
1212
1324
1373
1507
1587
1788
1862
1911
1970
2021
2099
2148
2192
2208
2446
2747
2856
2986
3063
3082
3115
3268
3438
3508
3594
3823
3876
4020
4047
4159
4207
4461
4619
4754
4856
4959
5023
5060
5114
5280
5334
5620
5743
6012
6228
6306
6335
6417
6730
6738
6748
6826
6836
6838
6866
6919
7170
7249
7364
7547
7593
7659
7770
7774
7845
7957
8063
8401
8436
8654
8963
9117
9147
9166
9241
9250
9264
9326
9443
9602
9733
9755
9894
9909
9921
9948
9958
10070
10561
10594
10611
10627
10672
10769
10816
10922
11153
11232
11238
11279
11298
11544
11556
11581
11608
11640
11668
11695
11862
11925
11986
11993
12115
12127
12274
12281
12284
12346
12487
12602
12621
12893
13162
13190
13223
13238
13285
13451
13459
13461
13471
13532
13756
13856
13977
14059
14136
14241
14370
14404
14409
14480
14581
14624
14876
14965
14989
15119
15168
15189
15208
15253
15280
15396
15406
15623
15633
15649
15748
15771
15868
15930
15955
16048
16114
16199
16355
16436
16628
16686
16686
16710
16822
16973
17089
17347
17356
17497
17522
17589
17593
17723
17727
17842
17883
17920
17959
18052
18257
18261
18301
18403
18479
18638
18963
18984
19008
19035
19240
19308
19401
19475
19680
19695
19834
19951
20104
20203
20212
20225
20241
20302
20369
20498
20596
20658
20668
20778
20805
21202
21243
21372
21458
21615
21740
21752
21890
22129
22132
22161
22257
22295
22503
22561
22574
22602
22637
22672
22675
22720
22734
22765
22929
23076
23125
23173
23224
23299
23337
23404
23418
23463
23485
23567
23634
23711
23841
23853
23931
24115
24831
24880
24883
25001
25094
25179
25208
25218
25243
25249
25346
25522
25526
25735
25739
25781
25886
25924
26038
26187
26219
26335
26336
26702
26745
26842
27069
27157
27258
27556
27675
27774
27846
27870
28052
28126
28226
28266
28355
28438
28469
28662
28838
28887
29018
29190
29384
29394
29407
29412
29542
29606
29887
30347
30549
30626
30669
30682
30735
30986
31174
31190
31207
31480
31481
31484
31704
31784
31892
31961
32056
32138
32272
32325
32341
32396
32595
32668
32683
32743
32773
32793
32834
32993
33137
33138
33172
33311
33436
33462
33492
33518
33563
33574
33616
33629
33642
33901
33966
34133
34333
34427
34684
34695
34926
34929
35021
35037
35061
35126
35323
35405
35429
35532
35544
35568
35575
35980
36074
36221
36232
36315
36419
36665
36760
36775
36795
36799
36838
36840
37181
37360
37369
37405
37425
37508
37616
37672
37838
37877
37891
37959
37973
37992
38297
38506
38637
38712
38757
38772
38830
38842
38967
39050
39153
39163
39170
39290
39304
39306
39479
39549
39598
39622
39893
39944
40101
40110
40316
40457
40477
40505
40677
40834
40848
40899
41015
41121
41153
41274
41480
41499
41731
41882
41961
42010
42028
42462
42553
42587
42717
42786
42822
42836
42839
42860
42889
42904
42942
42970
43021
43124
43167
43261
43368
43456
43750
43769
43918
43922
43993
44151
44162
44203
44320
44357
44437
44550
44559
44652
44727
44946
44956
45031
45063
45132
45168
45181
45223
45252
45362
45655
45741
45761
45886
45904
45955
46090
46130
46214
46343
46469
46536
46654
46693
46779
47018
47073
47189
47405
47458
47508
47510
47615
47650
47862
47889
47996
48039
48274
48411
48677
48747
49154
49375
49403
49601
49631
49690
49765
49883
50006
50134
50153
50187
50300
50338
50429
50555
50561
50695
50699
50710
50711
51057
51153
51172
51211
51298
51406
51548
51626
51732
51760
51803
51823
52090
52204
52369
52376
52697
52776
52865
52905
52959
53195
53235
53555
53579
53628
53661
53809
53818
53913
53949
54007
54102
54123
54464
54464
54512
54767
54775
54859
54988
55056
55210
55346
55353
55385
55496
55936
55961
56019
56107
56139
56309
56362
56378
56705
56724
56769
56814
56899
57022
57093
57186
57300
57308
57382
57543
57563
57583
57629
57777
57931
58204
58221
58279
58315
58521
58528
58551
58693
58695
58885
59003
59028
59041
59112
59387
59413
59421
59431
59449
59476
59483
59557
59589
59599
59610
59691
59907
59982
60051
60145
60386
60614
60622
60726
60868
60933
61280
61473
61561
61872
62045
62237
62275
62292
62442
62480
62620
62642
62736
62881
62963
63048
63321
63416
63519
63573
63894
63951
63954
64155
64202
64543
64569
64633
64636
64803
64969
65073
65127
65476
65498
65561
65686
65712
65911
65964
66295
66351
66456
66485
66490
66667
66684
66890
66956
67119
67136
67249
67391
67459
67644
67794
67823
67852
67897
67935
68089
68133
68217
68323
68579
68761
68789
68943
69052
69058
69174
69276
69449
69552
69584
69679
69788
69941
69973
70009
70071
70248
70340
70502
70707
70906
70919
71057
71085
71110
71281
71334
71380
71394
71630
71690
71701
71971
72212
72270
72271
72317
72332
72419
72668
72845
72980
73170
73220
73441
73752
74097
74261
74312
74560
74584
74595
74613
74638
74790
74800
74821
74966
75020
75161
75168
75236
75307
75422
75469
75669
76004
76061
76137
76213
76261
76351
76479
76526
76536
76544
76544
76589
76637
76726
76837
77057
77115
77241
77352
77363
77413
77474
77529
77536
77654
77742
77886
78030
78111
78244
78272
78298
78484
78624
78675
78767
78820
78877
78928
79190
79250
79427
79782
80026
80145
80153
80161
80277
80317
80546
80684
80709
80787
80832
80872
81018
81023
81033
81057
81087
81153
81239
81357
81392
81457
81588
81612
81765
81833
81978
82095
82165
82245
82248
82297
82350
82376
82510
82700
82758
82869
82889
82934
82984
83116
83353
83682
83713
83797
83865
83989
83997
84405
84549
84555
84808
84995
85059
85132
85170
85213
85258
85433
85438
85598
85616
85703
85720
85801
85935
85965
85966
86012
86064
86076
86110
86960
87162
87273
87296
87374
87582
87595
87758
87842
87855
87946
87994
88190
88401
88431
88524
88631
88650
88716
88768
88869
88956
89140
89168
89347
89479
89586
89593
89781
89784
89802
89842
89872
89944
89967
90186
90242
90244
90518
90617
90979
91003
91049
91076
91159
91195
91220
91621
91652
91726
91740
92001
92116
92182
92267
92278
92377
92505
92526
92572
92627
92747
92819
93141
93261
93307
93315
93390
93508
93515
93676
93873
93891
93899
93901
93912
93916
94017
94060
94098
94299
94357
94367
94392
94632
94650
94673
94723
94744
94816
95020
95254
95528
95540
95540
95553
95592
95760
95960
95992
96028
96093
96238
96341
96382
96418
96450
96522
96544
96701
96795
96896
96935
97411
97461
97590
97646
97794
97841
97897
98179
98184
98236
98473
98500
98508
98524
98617
98772
99180
99183
99392
99396
99433
99539
99577
99675
99890
99945
100110
100127
100156
100156
100235
100269
100334
100619
100640
100713
100778
100861
100973
101022
101253
101434
101549
101819
101828
101901
101964
101968
102022
102269
102422
102448
102612
102647
102790
102844
102856
102961
103107
103159
103294
103468
103602
103653
103755
103841
103863
103915
104007
104132
104139
104185
104441
104478
104584
104703
104738
104749
104815
104947
104958
104958
105198
105250
105337
105389
105400
105493
105577
105582
105602
105717
105816
105942
105973
105985
106031
106086
106133
106174
106196
106222
106361
106444
106451
106509
106655
106915
106996
107075
107092
107268
107336
107438
107548
107566
107615
107657
107669
107851
108043
108050
108134
108170
108187
108206
108239
108556
108636
108798
108874
108884
109148
109164
109190
109382
109439
109622
109670
109807
109852
110174
110369
110407
110924
110984
111124
111251
111450
111452
111506
111523
111783
111858
112003
112044
112087
112114
112139
112157
112411
112418
112470
112553
112742
112822
112864
112870
112924
112979
112992
113115
113179
113223
113258
113267
113302
113471
113483
113611
113741
113944
113987
114036
114095
114247
114268
114346
114378
114562
114718
114722
114895
114911
114998
115017
115144
115234
115236
115419
115614
115632
116102
116148
116273
116304
116324
116467
116609
116613
116621
116645
116828
116841
116934
116988
117240
117364
117484
117560
117631
117746
117844
117982
118144
118151
118320
118323
118431
118518
118665
118716
118717
118965
118970
119041
119154
119268
119417
119590
119790
119819
119897
120051
120157
120166
120231
120347
120365
120427
120510
120730
120767
120868
120909
120960
121113
121169
121182
121376
121489
121610
121621
121637
121715
121719
121858
121882
121900
121969
122037
122377
122449
122564
122699
122786
122867
122870
123272
123362
123593
123635
123742
123796
123968
124020
124034
124203
124469
124486
124661
124689
124697
124817
124931
124936
125004
125007
125058
125210
125259
125545
125981
126234
126296
126495
126530
126531
126565
126800
126834
126902
127601
127613
127834
128129
128350
128798
128942
129118
129221
129236
129239
129375
129505
129556
129640
129755
129825
129887
130189
130301
130314
130340
130349
130381
130581
130672
130706
130843
130870
131011
131197
131207
131226
131454
131500
131547
131859
131998
132229
132298
132340
132351
132371
132526
132574
132760
132949
132970
133001
133050
133071
133118
133209
133267
133269
133312
133315
133368
133700
133920
134046
134168
134240
134242
134243
134407
134458
134515
134848
134962
134964
134982
135036
135049
135187
135258
135325
135475
136006
136133
136135
136487
136565
136597
136666
136706
136779
136980
137124
137178
137257
137259
137291
137557
137696
137701
137722
137774
138127
138303
138331
138333
138401
138563
138615
138658
138871
138882
138908
139422
139661
139795
139806
139911
140010
140100
140189
140468
140480
140499
140545
140681
140714
140765
140970
141342
141453
141492
141705
141766
141831
141928
141986
142162
142220
142283
142340
142464
142771
143360
143670
143936
143958
144028
144337
144459
144662
144714
144715
144960
145077
145246
145378
145396
145525
145618
145630
145642
145743
145798
145832
145955
146034
146103
146116
146170
146224
146359
146376
146377
146408
146607
146789
146877
146911
147514
147657
147717
147815
147841
148146
148206
148260
148319
148868
148960
149084
149104
149355
149442
149480
149739
149758
149918
149922
150018
150038
150270
150587
150676
150685
150776
150803
150811
150830
150885
150889
150890
151130
151216
151239
151264
151276
151437
151465
151476
151476
151564
151603
151629
151688
151802
151816
151926
152007
152024
152050
152132
152224
152252
152418
152629
152636
152657
152710
152836
152967
153128
153299
153329
153344
153422
153766
153930
154013
154080
154115
154306
154331
154427
154427
154571
154664
154711
154780
154930
154998
155070
155151
155314
155371
155536
155697
155751
155770
155907
155987
155989
156052
156156
156258
156481
156497
156513
156731
156766
156795
156874
157115
157124
157400
157644
157648
157671
157751
157761
157804
157880
157888
157963
158186
158248
158306
158392
158511
158530
158591
158712
158807
159027
159078
159083
159204
159224
159424
159464
159554
159577
159652
159753
159866
160138
160285
160303
160493
160630
160675
160744
160833
160863
160867
161054
161119
161265
161316
161335
161364
161409
161503
161550
161604
161674
161688
161692
161760
161793
161855
162266
162266
162271
162424
162492
162584
162648
162676
163297
163300
163315
163319
163786
163884
163895
163908
163948
164005
164029
164198
164222
164252
164286
164471
164633
164674
164725
164766
164778
165018
165127
165163
165225
165467
165544
165739
166002
166128
166212
166238
166446
166489
166687
166698
166750
166814
166827
166842
166849
166941
167094
167344
167388
167509
167641
167651
167677
167731
167737
167937
167952
167962
167986
168008
168094
168100
168179
168216
168289
168543
168591
168628
168924
169055
169215
169249
169258
169395
169542
169568
169859
169999
170195
170470
170498
170611
170763
170869
171038
171236
171272
171347
171451
171458
171495
171511
171659
171690
171796
171874
171901
172010
172213
172496
172661
172762
172857
172916
172982
173138
173228
173315
173328
173337
173377
173411
173459
173518
173538
173548
173620
173624
173630
173711
173827
173842
173866
173917
173980
174001
174013
174081
174089
174108
174168
174253
174496
174532
174548
174666
174758
174862
175065
175363
175451
175560
175561
175767
175812
175864
175980
176184
176279
176314
176387
176439
176499
176524
176535
176537
176549
176679
176869
176900
177084
177308
177364
177489
177768
178108
178345
178397
178412
178500
178655
178746
178769
178976
179102
179137
179242
179381
179453
179495
179614
179620
179642
179668
179672
179804
179822
179836
179882
179898
179910
180259
180313
180448
180491
180575
180737
180742
181090
181122
181202
181353
181459
181491
181640
181686
182185
182535
182828
182898
182925
183159
183212
183320
183939
184312
184410
184489
184504
184619
184897
185178
185534
185563
185589
185650
185664
185668
185692
185719
185861
185904
185983
185984
185990
186002
186014
186077
186082
186125
186257
186318
186342
186454
186564
186611
186649
186731
186807
186818
186867
187001
187101
187225
187354
187486
187737
187864
188022
188050
188052
188165
188206
188268
188685
188718
188753
188758
188829
188987
189048
189138
189179
189355
189520
189585
189671
189799
189963
190169
190246
190289
190389
190444
190495
190607
190655
190683
190886
190898
190910
190997
191062
191071
191356
191648
191812
191845
191900
192068
192224
192251
192310
192399
192467
192577
192712
192786
192830
192872
192879
192983
193017
193160
193254
193256
193309
193312
193735
193994
193994
194150
194164
194218
194478
194749
195061
195363
195445
195463
195855
195946
196117
196119
196315
196344
196582
196585
196589
196624
196749
196905
197181
197359
197543
197834
197882
197952
198058
198063
198124
198159
198177
198189
198361
198677
198732
198822
198847
198855
199198
199199
199241
199393
199454
199579
199614
199662
199783
199825
199944
199969
200046
200232
200277
200580
200769
200781
200791
200807
200860
201012
201043
201278
201387
201472
201482
201587
201653
201686
201793
201798
201838
201989
202027
202153
202170
202328
202496
202518
202524
203034
203271
203469
203475
203506
203788
203857
203858
203877
203890
203966
203989
204052
204313
204369
204543
204739
204740
204757
204769
204868
205083
205122
205257
205288
205322
205328
205459
205497
205721
205838
205932
205960
206126
206139
206500
206642
206687
206749
206976
207231
207319
207419
207734
207774
207819
207827
207902
207943
207980
208025
208201
208355
208516
208532
208551
208644
208644
208649
208662
208666
208741
209098
209136
209413
209746
209808
209947
210004
210288
210380
210381
210509
210605
210633
210727
210795
210838
210854
210974
211023
211029
211088
211213
211499
211773
211809
211913
211916
212148
212226
212434
212487
212535
212550
212601
213136
213185
213373
213422
213465
213753
213821
213841
213930
213998
214052
214124
214198
214412
214551
214607
214758
214808
214948
215008
215011
215144
215239
215383
215463
215616
215708
215723
215733
215836
215940
215954
216006
216083
216093
216142
216277
216362
216363
216424
216470
216705
216778
216796
216905
217185
217681
217943
218029
218127
218193
218247
218327
218600
218635
218783
218824
219408
219455
219503
219664
219848
219924
219947
220045
220167
220283
220324
220332
220405
220449
220683
220691
220897
220942
220950
220966
221093
221151
221452
221507
221633
221871
221930
222297
222436
222551
222583
222646
222749
222894
222920
222922
223422
223559
223568
223586
224097
224103
224166
224299
224542
224828
224894
224977
225075
225122
225224
225243
225377
225445
225449
225556
225712
225789
225953
225956
226228
226454
226559
226807
226808
226865
227100
227174
227228
227261
227340
227441
227484
227489
227613
227648
227736
227742
227820
228114
228478
228491
228599
228746
228911
228947
228956
229048
229061
229300
229377
229459
229480
229632
229685
229785
229840
230098
230158
230226
230449
230509
230544
230546
230585
230799
230860
231150
231304
231371
231388
231430
231570
231780
231839
231843
231962
232057
232078
232142
232319
232356
232831
232835
232897
233090
233246
233638
233640
233699
233818
233900
233959
234199
234217
234282
234302
234362
234370
234399
234522
234587
234719
234748
234917
234947
235129
235166
235256
235391
235549
235588
235647
235672
235871
235940
236066
236104
236146
236516
236657
236727
236754
236852
236877
236913
236921
236968
237243
237282
237311
237357
237361
237453
237463
237466
237515
237598
237674
238097
238265
238322
238360
238474
238488
238506
238625
238704
238821
238874
238956
239018
239138
239166
239242
239252
239517
239563
239617
239720
239721
239875
239910
239974
240155
240202
240273
240318
240332
240419
240469
240594
240749
240857
241071
241088
241269
241298
241493
241592
241686
241783
241814
241835
241943
242315
242506
242525
242533
242544
242569
242682
242750
242814
243003
243027
243065
243121
243423
243511
243513
243573
243601
243676
244053
244334
244399
244402
244459
244521
244781
244829
244933
244976
245094
245159
245164
245482
245597
245604
245610
245773
245832
245951
246012
246042
246088
246193
246205
246307
246567
246626
246640
246681
246706
246746
246939
246993
247014
247018
247113
247187
247191
247295
247393
247411
247799
247937
248041
248067
248247
248392
248465
248626
248715
248878
249070
249282
249290
249347
249537
249555
250194
250206
250283
250354
250414
250463
250543
250748
250805
251157
251198
251267
251316
251344
251391
251423
251443
251494
251869
252027
252063
252287
252405
252440
252497
252628
252713
252759
252808
252880
253133
253243
253323
253450
253454
253518
253543
253702
253777
253781
253795
253839
253860
253899
253975
253981
254460
254560
254667
254670
254963
254983
255034
255052
255148
255325
255329
255337
255521
255655
255768
255815
255867
255873
256212
256325
256509
256592
256834
257025
257075
257088
257171
257211
257243
257268
257316
257470
257723
257747
257791
257818
257942
258004
258011
258067
258129
258290
258348
258404
258667
258724
258809
258855
259008
259092
259185
259370
259396
259399
259471
259560
259898
259975
260120
260131
260208
260212
260488
260616
260623
260751
260772
260800
260857
260928
260929
261368
261425
261589
261611
261663
261802
261897
261957
261999
262058
262126
262221
262267
262433
262444
262511
262768
262863
262902
262966
262989
263471
263592
263650
263735
263975
263979
264043
264056
264274
264408
264508
264553
264594
264674
264939
265068
265380
265492
265636
265738
265803
266012
266020
266158
266550
266604
266715
266730
266775
267035
267215
267238
267675
267682
267963
268053
268059
268060
268100
268152
268232
268291
268364
268403
268458
268468
268599
268607
268720
268885
268934
268992
269020
269173
269175
269563
269589
269603
269629
269958
270166
270232
270788
271696
271805
271958
272017
272022
272300
272348
272562
272608
272625
272640
272640
272995
273034
273091
273102
273123
273173
273414
273439
273445
273589
273611
273670
273682
273820
273920
274112
274364
274397
274519
274565
274682
274708
274715
274788
274864
274911
275047
275066
275126
275271
275413
275581
275790
275893
276387
276483
276513
276577
276662
276785
276954
277050
277133
277182
277205
277299
277510
277523
277656
277811
277876
278098
278100
278129
278396
278405
278411
278469
278495
278626
278636
278767
278809
278920
279057
279064
279108
279147
279380
279455
279530
279543
279770
279794
279913
279952
280060
280245
280497
280498
280675
280681
280850
280872
280979
281049
281166
281257
281343
281470
281524
281589
281704
281878
281885
281948
282030
282043
282260
282327
282659
282695
282720
282746
282750
282784
282891
283123
283177
283272
283328
283426
283661
283806
283808
283830
283919
283974
284013
284067
284107
284143
284233
284374
284383
284459
284476
284591
284649
284680
284687
284788
284824
285081
285088
285109
285310
285426
285570
285681
285797
285807
285924
286060
286123
286123
286170
286257
286451
286548
286591
286880
286927
287274
287462
287643
287795
287876
287926
287937
287951
288037
288052
288058
288133
288192
288205
288269
288327
288488
288518
288594
288620
288780
289024
289056
289248
289461
289518
289647
289676
289733
289847
289994
289997
290489
290766
290938
290976
290993
290998
291002
291108
291382
291533
291554
291605
291840
291858
292140
292189
292196
292235
292343
292468
292555
292612
292667
292695
292698
292736
292816
293096
293142
293321
293433
293648
293690
293789
293830
293846
293962
294040
294065
294143
294232
294303
294317
294322
294356
294366
294529
294534
294787
295018
295069
295101
295119
295123
295140
295173
295181
295294
295418
295426
295516
295553
295683
295766
295801
295855
295960
296067
296310
296479
296490
296495
296533
296592
296625
296872
296951
297318
297447
297508
297654
297780
297927
298026
298114
298215
298335
298505
298509
298595
298743
298765
298836
299067
299358
299392
299414
299494
299588
299743
300035
300196
300235
300335
300342
300609
300748
300777
300864
300952
300993
301035
301091
301180
301266
301311
301360
301389
301428
301436
301454
301612
301760
301762
301766
301819
301829
301890
302332
302496
302606
302652
302655
302842
302989
303071
303152
303268
303323
303482
303668
303803
303812
303838
303875
304021
304128
304227
304246
304433
304462
304542
304562
304649
304657
304849
304876
304893
304904
305125
305161
305307
305357
305601
305670
305745
305895
306231
306270
306336
306587
306625
306700
306752
306851
307326
307343
307378
307562
307591
307599
307661
307872
307882
308031
308057
308267
308474
308797
308832
309117
309142
309176
309528
309568
309610
309640
309661
309718
309729
309765
309803
309834
309863
309988
309988
310169
310186
310323
310380
310583
310844
310932
310999
311200
311356
311398
311418
311726
311903
312035
312056
312136
312174
312281
312461
312477
312767
313052
313098
313125
313156
313174
313297
313412
313415
313420
313440
313561
313586
313872
314006
314121
314233
314332
314453
314457
314462
314475
314705
314967
314976
314990
315202
315350
315354
315515
315591
315734
316002
316107
316107
316136
316147
316197
316232
316461
316573
316610
317036
317093
317131
317139
317139
317304
317368
317408
317559
317799
317938
318235
318419
318737
318798
318849
318852
318918
319133
319195
319275
319382
319385
319496
319508
319584
319704
319955
319974
320011
320073
320229
320312
320326
320499
320580
320582
320607
320628
320638
320644
320844
320975
321017
321038
321044
321114
321144
321176
321289
321496
321723
321735
321928
321999
322039
322048
322143
322288
322290
322472
322733
322794
322878
322974
323133
323141
323229
323274
323291
323366
323376
323410
323425
323612
323781
323833
323936
324224
324484
324517
324676
325164
325202
325583
325591
325595
325755
325950
326086
326153
326175
326207
326342
326344
326365
326513
326523
326655
326783
326914
327020
327229
327295
327554
327656
327889
327987
328120
328175
328539
328612
328659
328687
328822
328891
328928
328949
329600
329629
329658
329780
329785
329800
329818
330015
330080
330303
330361
330448
330459
330493
330501
330520
330589
330920
330928
331076
331098
331337
331471
331547
331560
331711
331839
331952
332023
332161
332208
332318
332405
332476
332578
332615
332829
332885
332961
333003
333151
333260
333342
333350
333351
333418
333814
333886
333964
334039
334387
334410
334523
334719
334758
334760
334901
335092
335113
335167
335229
335247
335388
335594
335596
335678
335781
335811
335813
335894
335933
336049
336114
336116
336123
336244
336399
336417
336512
336600
336605
336660
336755
336902
336925
336991
337102
337116
337118
337211
337347
337362
337470
337502
337565
337909
337994
338495
338507
338574
338654
338884
338924
339098
339160
339254
339363
339407
339657
339661
339675
339787
339883
339923
340014
340097
340153
340222
340441
340517
340535
340738
340816
340841
340878
341025
341076
341216
341253
341403
341618
341779
342147
342171
342219
342271
342296
342312
342342
342438
342645
343109
343133
343269
343370
343389
343400
343420
343534
343545
343616
343916
344058
344098
344111
344171
344376
344584
344647
344668
344676
344681
344932
344974
345040
345115
345179
345342
345548
345612
345987
346276
346301
346329
346376
346388
346439
346650
346654
346750
346909
346914
346964
346977
347092
347177
347363
347412
347428
347567
347645
347846
347849
347850
347887
347941
348167
348235
348445
348473
348505
348510
348615
348638
348739
348805
348812
349016
349022
349047
349060
349128
349157
349237
349337
349375
349470
349551
349799
349832
349881
349882
349960
350048
350123
350228
350271
350348
350474
350523
350923
351124
351168
351377
351487
351557
351693
351810
351811
351959
351989
351996
352112
352119
352292
352597
352829
352944
353022
353030
353105
353252
353252
353532
353553
353948
354083
354275
354288
354318
354364
354482
354632
354743
354800
354892
354894
355226
355242
355362
355454
355556
355574
355659
355901
355915
355965
355973
356035
356065
356071
356230
356477
356495
356857
356953
357154
357154
357155
357203
357299
357589
357644
357713
357737
357788
357966
358099
358290
358303
358337
358560
358604
358779
359035
359111
359249
359296
359342
359442
359464
359473
359702
359801
359877
359960
360061
360071
360185
360218
360318
360402
360474
360483
360536
360878
360902
361072
361073
361150
361235
361332
361389
361425
361463
361480
361605
361689
361866
361885
361929
361988
362083
362118
362351
362396
362547
362588
362662
362698
362729
362872
362873
363399
363467
363481
363496
363580
363656
363684
363905
363915
363958
364152
364378
364410
364529
364705
364731
364751
365033
365247
365267
365273
365316
365324
365328
365401
365591
366443
366472
366670
366773
367027
367076
367379
367427
367445
367517
367692
367756
368063
368162
368369
368524
368603
368646
368970
369006
369200
369240
369393
369682
369909
370355
370542
370551
370578
370927
371051
371117
371246
371290
371442
371605
371778
371785
371864
371960
371978
372160
372279
372501
372523
372690
372759
372765
372807
372999
373218
373536
373636
373737
373783
373913
374014
374079
374157
374317
374321
374364
374406
374438
374558
374664
374717
374727
374869
374913
375109
375213
375225
375528
375540
375749
375751
375790
375940
375974
375994
376309
376648
376796
376876
377002
377018
377186
377195
377343
377404
377566
377639
377748
378030
378436
378446
378689
378751
378768
378801
378807
379362
379433
379703
379720
380077
380124
380211
380412
380447
380453
380519
380757
380947
381133
381294
381395
381706
381864
381967
381968
382098
382221
382422
382453
382524
382700
382831
382976
383043
383161
383239
383279
383440
383457
383707
383737
383896
383992
384068
384137
384487
384560
384615
384709
384836
384848
384856
384917
385058
385085
385098
385133
385133
385157
385186
385187
385379
385510
385666
385676
385852
385928
385942
386048
386174
386268
386341
386563
386887
387059
387068
387273
387309
387342
387604
387660
387670
387814
387868
387982
388203
388239
388312
388365
388453
388627
388767
388981
389007
389106
389120
389143
389390
389479
389557
389565
389758
389767
389951
390057
390235
390291
390558
390562
390638
390750
390774
390829
390873
390975
390976
391256
391317
391323
391925
391998
392048
392073
392083
392234
392289
392596
392724
392760
393058
393240
393279
393344
393392
393783
393920
393931
393961
394156
394178
394205
394279
394291
394548
394609
394617
394822
394892
395075
395103
395262
395362
395371
395424
395483
395639
395730
395761
395766
395788
395861
396346
396407
396421
396577
396697
396758
396839
396846
396919
396958
396963
397026
397252
397301
397310
397316
397776
397847
397850
397893
397954
397993
398008
398155
398209
398297
398699
398724
398778
398783
398830
398868
398901
398938
399117
399130
399178
399256
399423
399491
399492
399609
399776
399831
400011
400108
400140
400242
400287
400293
400335
400414
400525
400749
400838
401017
401099
401123
401129
401176
401435
401438
401749
401782
401789
401893
401976
401986
402113
402165
402200
402230
402344
402354
402364
402422
402495
402620
402650
402767
402916
403114
403122
403238
403634
403637
403649
403794
403919
403939
404234
404375
404529
404649
404886
404911
405005
405044
405189
405196
405424
405444
405456
405510
405622
405819
405834
405898
405980
406105
406148
406210
406236
406500
406508
406566
406616
406628
406714
406717
406804
406850
406879
406881
406882
406888
407051
407098
407164
407253
407396
407440
407617
407631
407765
407976
408069
408092
408217
408252
408313
408319
408376
408666
408694
408717
408949
409043
409338
409363
409551
409555
409558
409875
410092
410152
410171
410188
410288
410343
410483
410489
410506
410683
410697
410922
411008
411052
411128
411880
411901
411976
412237
412302
412971
413185
413262
413482
413519
413519
413553
413793
413877
414014
414021
414026
414067
414077
414324
414556
414568
414614
414890
414929
414961
415144
415180
415196
415426
415520
415563
415583
415951
416035
416210
416338
416401
416424
416530
416556
416570
416827
416854
416980
417041
417215
417251
417360
417363
417748
417776
417931
417967
418039
418058
418073
418125
418152
418168
418344
418353
418384
418565
418655
418763
418770
418785
418863
418933
419011
419028
419055
419077
419098
419138
419278
419680
419698
419819
419820
419918
419993
420048
420112
420188
420301
420367
420568
420677
420793
420797
420876
420905
421194
421245
421365
421385
421504
421543
421692
421717
421822
421974
421979
422246
422451
422462
422463
422465
422483
422629
422646
422685
422726
422812
422939
423164
423190
423282
423319
423493
423604
423865
423884
423913
423938
424101
424305
424351
424375
424431
424470
424575
424582
424641
424788
424869
425021
425336
425382
425417
425438
425487
425596
425685
425857
425861
425908
426027
426036
426161
426185
426195
426305
426587
426657
426706
426797
426860
426934
426993
427038
427102
427146
427208
427235
427262
427469
427473
427664
427667
427712
427783
427953
427969
428059
428069
428124
428125
428222
428275
428339
428640
428781
428796
428820
428825
428842
428847
429049
429125
429381
429623
429891
430087
430120
430224
430238
430321
430415
430445
430546
430590
430832
431145
431281
431546
431558
432080
432111
432581
432588
432746
432809
432838
432886
432945
432995
433145
433300
433467
433496
433858
433928
433938
433951
434098
434144
434440
434465
434963
434965
435170
435184
435202
435317
435335
435562
435563
435582
435613
435659
435698
435741
435761
435889
435965
435977
436004
436256
436313
436342
436460
436514
436540
436619
436716
436731
436744
436782
436808
436920
437009
437157
437332
437383
437492
437593
437780
438314
438331
438337
438442
438526
438617
438633
438635
438679
438777
438979
439033
439173
439232
439370
439412
439496
439585
439728
439860
439924
440070
440234
440348
440375
440378
440412
440702
440847
441031
441164
441253
441262
441407
441463
441575
441637
441923
441943
441974
442018
442073
442200
442274
442279
442303
442329
442348
442519
442555
442645
442729
442798
442800
442807
442975
443138
443160
443229
443236
443394
443455
443487
443526
443632
443691
443714
443780
443939
444078
444128
444205
444228
444320
444418
444449
444462
444466
444659
444784
444784
444815
445119
445693
445702
445912
445938
445964
446021
446153
446254
446257
446298
446342
446543
446696
446721
446777
446787
446946
447110
447667
447700
447879
447899
448046
448163
448702
448772
448817
449030
449060
449129
449180
449206
449292
449331
449411
449413
449493
449586
449976
450246
450353
450371
450389
450491
450667
450879
450881
450944
450952
450965
451099
451485
451538
451578
451741
451810
451871
451930
452004
452290
452346
452371
452381
452406
452422
452691
452821
452984
453252
453510
453521
453682
453841
453953
454014
454248
454369
454426
454466
454541
454595
454785
454800
454992
455066
455123
455289
455394
455493
455545
455621
455623
455780
455810
455874
455943
456137
456183
456251
456260
456310
456405
456551
456880
457156
457361
457460
457705
457731
457846
457884
457921
457938
458479
458489
458600
458782
458884
458916
459072
459278
459420
459437
459546
459579
459592
459596
459629
459648
459677
459724
459772
459968
459972
459998
460311
460317
460400
460490
460668
460870
461016
461410
461419
461485
461556
461770
462108
462347
462364
462387
462584
462600
462660
462669
462771
462804
462903
463128
463152
463163
463346
463401
463401
463443
463560
463563
463694
463770
463777
463788
463856
463873
463917
463983
464032
464132
464141
464245
464315
464353
464396
464532
464635
464771
464781
464834
464974
464986
465079
465181
465308
465395
465427
465440
465457
465503
465508
465509
465708
465779
465783
465789
465809
465950
466146
466190
466228
466266
466439
466480
466504
466565
466770
466782
466831
466865
467120
467140
467145
467210
467269
467280
467289
467376
467392
467449
467510
467613
467682
467740
467917
468112
468477
468492
468562
468595
468762
468765
468816
468835
468843
468915
468925
468933
468984
469097
469131
469139
469360
469382
469705
469755
469824
469849
470039
470089
470108
470145
470294
470301
470372
470431
470486
470522
470532
470624
470869
470895
471377
471467
471552
471565
471820
471961
471981
472002
472030
472162
472166
472215
472325
472339
472412
472517
472557
472586
472648
472794
472799
472896
473270
473407
473408
473700
473767
473839
473878
473921
473945
474129
474146
474161
474184
474274
474325
474391
474451
474524
474577
474684
474717
474803
474811
474849
474962
474992
475092
475158
475232
475278
475450
475452
475502
476320
476339
476420
476458
476492
476532
476534
476608
476858
477169
477290
477407
477467
477476
477665
477852
477875
477913
477965
478117
478329
478333
478410
478620
478639
478673
478758
478789
478796
479090
479124
479367
479569
479583
479645
479922
479958
479986
480114
480340
480408
480519
480746
480762
480861
481263
481309
481359
481519
481713
481818
481818
482219
482225
482285
482294
482297
482349
482584
482613
482661
482674
482709
482861
483176
483197
483516
483533
483596
483695
483759
483961
483989
484141
484264
484277
484399
484570
484659
484714
484725
484736
484762
484937
485182
485275
485392
485533
485605
485938
485988
486070
486114
486305
486312
486333
486435
486748
487017
487226
487283
487314
487348
487449
487572
487772
487831
487876
487910
487917
487939
488045
488055
488150
488201
488297
488423
488542
488552
488557
488807
488832
488893
488927
489110
489112
489152
489235
489244
489457
489682
489743
489855
489959
490065
490073
490097
490148
490287
490310
490324
490340
490469
490843
490933
490951
491016
491081
491137
491222
491225
491331
491485
491532
491845
491861
491925
492119
492273
492275
492315
492324
492358
492399
492528
492603
492948
493149
493183
493379
493460
493546
493778
494094
494143
494324
494582
494637
494878
494907
495154
495448
495493
495586
495656
495732
495821
495939
496005
496125
496220
496273
496301
496322
496423
496529
496540
496565
496773
496876
496951
497087
497241
497279
497315
497429
497487
497568
497711
497835
497839
497874
497884
497978
498009
498049
498104
498116
498135
498217
498242
498254
498449
498478
498489
498498
498504
498550
498656
498739
498820
498855
498861
498863
499002
499042
499068
499455
499559
499811
499834
499843
499952
500005
500014
500153
500168
500358
500394
500493
500678
500970
501158
501173
501210
501211
501212
501270
501342
501344
501371
501512
501787
501817
502051
502057
502182
502396
502448
502519
502654
502778
502880
502907
503002
503080
503083
503084
503196
503568
503595
503676
503868
503952
503990
504257
504314
504387
504450
504511
504522
504655
504771
504940
505077
505128
505146
505179
505234
505343
505392
505447
505598
505623
505682
505811
506104
506114
506137
506247
506335
506414
506581
506627
506797
506811
507004
507089
507157
507310
507437
507448
507532
507591
507716
507727
508097
508148
508245
508367
508556
508679
508719
508790
508804
508812
508820
508872
509271
509457
509544
509558
509614
509864
510245
510411
510812
510934
511012
511086
511106
511332
511354
511414
511860
511949
512154
512245
512440
512572
512735
512793
512809
512987
512991
513036
513501
513597
513746
513843
513875
513963
514117
514234
514282
514443
514506
514583
514602
514706
514943
514956
514983
515080
515158
515199
515249
515308
515359
515597
515675
515797
515938
515978
516201
516456
516475
516618
516668
516759
516953
517007
517088
517121
517139
517667
517727
517742
517761
517793
518016
518154
518206
518293
518430
518483
518612
518656
518657
518743
518757
519008
519100
519236
519249
519275
519505
519519
519747
519755
519784
519801
519854
519854
519906
520012
520049
520200
520213
520216
520225
520276
520290
520687
521036
521060
521131
521300
521349
521352
521519
521568
521667
521670
521694
521761
521803
521823
521866
521918
521932
521966
522041
522049
522089
522166
522229
522253
522487
522774
522823
522916
523235
523300
523714
524143
524419
524419
524421
524422
524460
524575
524623
524866
524940
524990
525000
525011
525015
525063
525176
525263
525281
525583
525825
525856
525869
525933
526039
526094
526137
526182
526279
526282
526483
526693
526797
526913
527200
527366
527418
527445
527454
527516
527579
527737
528032
528044
528055
528109
528176
528200
528238
528359
528455
528509
528511
528649
528656
528779
528988
529099
529216
529250
529322
529388
529420
529534
529666
529699
529790
529845
529862
529894
529922
530030
530220
530303
530321
530717
530818
530897
530932
531003
531169
531240
531292
531421
531450
531613
532154
532168
532309
532523
532525
532629
532656
532857
532877
533016
533032
533282
533303
533896
533933
534078
534132
534220
534408
534430
534495
534602
534647
534751
534808
534829
534861
534868
535102
535327
535332
535344
535507
535651
535786
535794
535942
535958
536015
536031
536166
536204
536207
536257
536346
536350
536395
536407
536435
536439
536517
536913
537118
537355
537586
537621
537660
537700
537976
538090
538389
538658
538743
538778
538929
538945
538991
538992
539008
539080
539492
539685
539688
539923
539962
539967
540074
540118
540361
540482
540522
540563
540569
540610
540621
540868
541045
541091
541270
541379
541423
541463
541557
541649
541785
541795
541812
541855
541951
542140
542192
542216
542339
542397
542412
542431
542432
542529
542622
542659
542681
542735
542907
543213
543286
543473
543750
543782
543900
543920
544059
544235
544254
544315
544392
544422
544667
544802
544976
545017
545048
545089
545157
545393
545420
545664
545738
545976
546147
546178
546266
546540
546564
546620
546710
546806
546824
547052
547068
547079
547121
547257
547293
547364
547365
547494
547510
547583
547785
547817
547960
548026
548094
548475
548486
548515
548575
548675
548705
548740
548828
548965
549033
549089
549106
549358
549370
549463
549717
549761
549907
550212
550344
550347
550489
550489
550607
550774
550944
551016
551044
551083
551395
551411
551596
551636
551744
551756
552005
552242
552276
552289
552323
552327
552604
552802
552887
552956
553132
553203
553228
553295
553407
553459
553487
553721
553739
553772
553989
554083
554231
554290
554298
554457
554565
554795
554796
554890
554898
554908
555000
555017
555108
555126
555157
555540
555907
555970
556033
556040
556149
556266
556714
556795
557094
557118
557119
557409
557575
557720
557726
557739
557740
557851
557868
558264
558272
558495
558525
558631
558688
558703
558762
558890
558897
558930
558938
559068
559160
559424
559433
559462
559541
559630
559676
559706
559929
559985
560088
560098
560199
560302
560372
560400
560446
560537
560603
560612
560758
560780
560803
560847
560881
560915
561117
561131
561159
561169
561269
561451
561466
561501
561522
561555
561764
561841
561962
561998
561998
562022
562284
562644
563058
563099
563103
563146
563367
563532
563565
563647
563654
563729
563823
564086
564096
564187
564226
564266
564704
564733
564828
565360
565391
565478
565555
565560
565874
566039
566392
566794
566976
567085
567142
567246
567425
567468
567680
567771
567817
567973
568078
568090
568247
568368
568566
568622
568719
568812
568896
569114
569218
569231
569243
569383
569401
569631
569659
569747
569923
570014
570371
570408
570477
570548
570573
570622
570676
570749
570830
570982
571036
571150
571256
571350
571531
571581
571605
571676
571703
571735
571849
572135
572207
572291
572564
572693
572693
572766
572803
572809
572872
572896
573090
573151
573239
573481
573600
573603
573704
574006
574191
574516
574574
574672
574678
574826
575007
575023
575057
575360
575433
575852
575907
576010
576078
576079
576113
576252
576318
576829
576845
576950
577039
577045
577047
577158
577207
577307
577411
577503
577717
577766
577821
577846
577853
577866
577913
578129
578247
578257
578312
578320
578321
578336
578830
578840
579063
579166
579269
579275
579294
579313
579765
579960
580018
580080
580279
580286
580301
580428
580565
580598
580621
580715
581175
581226
581312
581367
581441
581480
581600
581910
582047
582441
582505
582597
582632
582662
582714
582794
582822
582842
582990
583120
583339
584089
584133
584279
584462
584510
584520
584581
584589
584589
584666
584711
584769
584844
585120
585207
585475
585622
585722
585813
585823
585923
585963
586087
586177
586179
586354
586573
586600
586650
586721
586913
586979
587059
587181
587203
587223
587380
587482
587536
587772
587893
587942
588013
588018
588197
588202
588333
588336
588345
588364
588510
588534
588679
588746
588751
588876
588921
589005
589238
589366
589388
589452
589510
589666
589820
589896
589940
590180
590374
590413
590604
590648
590735
590773
590793
590796
591268
591390
591410
591501
591649
591753
591908
591967
592034
592431
592493
592495
592764
592880
592884
593017
593056
593060
593091
593194
593206
593373
593383
593568
593591
593608
593712
593775
593784
593853
593969
593985
594189
594403
594506
594639
594649
594829
594957
594991
595062
595245
595369
595549
595573
595779
595819
595960
596051
596058
596363
596511
596591
596683
596736
596788
596797
596810
596811
596838
596851
596852
596884
596961
597334
597694
597783
597784
597835
597945
598116
598367
598451
598836
598842
599016
599075
599311
599373
599407
599600
599654
599698
599777
599941
599951
600013
600013
600118
600164
600274
600409
600444
600510
600526
600546
600635
600693
601155
601191
601294
601321
601327
601406
601493
601597
601637
601755
601780
601830
601897
601905
601985
602012
602022
602332
602368
602443
602467
602495
602565
602757
602920
603273
603467
603494
603524
603541
603600
603897
603998
604030
604034
604076
604173
604186
604229
604461
604728
604806
604854
604932
605155
605233
605277
605385
605503
605596
605607
605735
605788
605796
605952
605995
606005
606035
606063
606200
606342
606628
606632
607044
607323
607331
607399
607478
607521
607561
607687
607753
607832
608014
608653
608915
609009
609110
609227
609276
609389
609499
609504
609700
609983
610032
610061
610149
610157
610361
610590
610612
610670
610851
610999
611243
611302
611615
611672
611680
611793
611810
611965
612179
612204
612265
612270
612350
612633
612739
612935
612972
612975
613021
613125
613126
613173
613249
613468
613611
613667
613785
613845
614017
614321
614362
614397
614408
614860
614896
615179
615278
615295
615564
615736
615775
615939
615943
615965
616003
616108
616175
616261
616417
616788
616820
616908
616942
617027
617220
617384
617503
617690
617900
617969
618007
618051
618182
618203
618321
618351
618386
618388
618519
618628
618677
618752
618752
619155
619162
619202
619506
619773
619794
619921
620036
620092
620123
620279
620315
620513
620598
620766
620937
621088
621188
621223
621300
621725
621900
621927
621989
622070
622335
622349
622407
622594
622608
622805
623062
623074
623254
623427
623558
623706
623738
623777
623826
623906
623910
623951
624015
624123
624191
624274
624299
624389
624716
624836
624872
625210
625513
625520
625530
625587
625615
625784
626062
626173
626307
626362
626530
626664
626872
627072
627156
627267
627283
627321
627380
627659
627673
627965
628344
628427
628846
628860
628931
628946
628955
629042
629157
629189
629196
629199
629217
629267
629318
629467
629586
629894
629923
629931
630083
630144
630146
630188
630306
630480
630520
630577
630619
630737
630896
630942
631032
631045
631048
631185
631295
631331
631380
631398
631491
631514
631529
631613
631698
631730
631778
631807
631834
631890
631944
631999
632055
632211
632238
632486
632571
632733
632774
632783
632803
632964
633016
633269
633476
633678
633746
633773
633792
633822
633858
633959
634012
634029
634036
634037
634051
634203
634688
634855
634956
634991
635000
635065
635103
635206
635317
635384
635430
635808
635828
635946
636032
636141
636143
636154
636175
636227
636331
636357
636462
636470
636505
636518
636727
637176
637340
637341
637349
637367
637487
637642
637729
637749
637865
637980
638072
638209
638231
638286
638401
638670
639100
639122
639369
639378
639563
639788
639827
640144
640238
640252
640375
640401
640413
640512
640720
640800
640869
640871
640876
640997
641047
641158
641252
641298
641749
642010
642021
642062
642224
642322
642621
642654
642700
642720
642740
642746
642752
642836
642850
642875
643021
643083
643084
643248
643354
643361
643645
643712
643778
643875
643990
644333
644366
644390
644404
644471
644479
644557
644579
644726
644726
644752
644773
644863
645035
645097
645104
645166
645220
645358
645429
645736
645779
645928
646307
646400
646414
646419
646422
646474
646568
646822
646946
647004
647007
647056
647149
647151
647199
647232
647312
647348
647383
647701
647747
647868
647923
647939
648017
648171
648267
648423
648538
648565
648577
648584
648638
648709
648724
648730
649200
649233
649251
649258
649332
649385
649608
649636
649813
649876
649925
650137
650167
650276
650318
650487
650586
650745
650796
650813
651109
651134
651218
651225
651344
651373
651388
651668
651756
651855
651912
651927
651960
652001
652053
652298
652598
652787
652896
653055
653268
653333
653357
653437
653479
653481
653574
653757
653821
654085
654093
654171
654302
654317
654362
654368
654394
654467
654474
654501
654577
654855
654865
655050
655051
655207
655263
655467
655483
655548
655573
655619
655650
655744
655776
655785
656096
656250
656344
656422
656561
656760
656942
656989
657063
657364
657464
657544
657710
657798
658075
658103
658130
658204
658477
658529
658624
658659
658767
658776
658876
658991
659006
659167
659365
659603
659619
659860
660202
660320
660321
660462
660651
660662
660859
660902
660908
660937
661037
661086
661111
661177
661288
661499
661521
661591
661660
661676
661702
661708
661956
662004
662006
662033
662078
662121
662222
662329
662356
662371
662390
662507
662565
662995
663094
663229
663272
663312
663355
663434
663528
663673
663720
664055
664177
664194
664314
664485
664795
664927
665106
665148
665164
665272
665381
665462
665704
665732
665842
665927
665968
666114
666135
666173
666225
666341
666396
666607
666769
666787
666835
667004
667031
667103
667209
667276
667503
667633
667809
667872
667891
667964
668203
668357
668382
668451
668510
668536
668753
668755
668804
668857
668880
668897
668933
669012
669044
669125
669144
669217
669233
669247
669257
669421
669448
669564
669666
669896
669935
669971
669994
670109
670172
670190
670253
670425
670437
670499
670659
670703
670808
670810
670952
671742
671758
671822
671867
671879
672080
672149
672195
672385
672389
672412
672520
672584
672619
672685
672724
672732
673025
673040
673150
673242
673443
673459
673467
673559
673660
673811
673905
673963
673992
674001
674051
674142
674201
674491
674569
674581
674651
675023
675066
675071
675283
675349
675387
675419
675542
675595
675754
675794
675918
675924
676065
676397
676543
676698
676734
676795
676902
676966
676994
677065
677180
677189
677415
677571
677608
678248
678342
678359
678380
678390
678480
678647
678744
679061
679245
679249
679325
679601
680024
680260
680298
680322
680330
680376
680423
680480
680585
680941
680959
680983
681127
681329
681452
681599
681769
681808
681808
681945
681976
681982
682121
682231
682286
682299
682460
682560
682593
682835
682863
682928
683001
683031
683117
683347
683357
683616
683735
683796
683804
683812
683857
683877
683888
683946
683975
684073
684083
684138
684150
684156
684158
684323
684364
684542
684635
684716
684790
684980
685222
685244
685374
685520
685557
685571
685576
685654
686213
686371
686481
686631
686852
687033
687117
687146
687148
687169
687184
687199
687369
687418
687641
688007
688173
688492
688521
688552
688581
688698
688837
688985
689177
689187
689286
689414
689480
689724
689972
690162
690179
690218
690406
690516
690800
691035
691069
691122
691133
691143
691147
691318
691359
691483
691565
691659
691817
691820
692035
692287
692409
692481
692578
692819
692879
692990
693014
693020
693046
693115
693122
693125
693207
693710
693854
693960
693974
694011
694019
694029
694166
694256
694265
694270
694281
694396
694397
694446
694454
694504
694985
695170
695374
695577
695644
695780
695838
695929
695995
696052
696185
696342
696436
696438
696559
696623
696638
696692
696770
696843
696949
696968
697057
697092
697139
697323
697352
697365
697569
697649
697900
697908
697967
698107
698157
698184
698347
698404
698589
698741
698810
698894
699029
699092
699199
699278
699303
699626
699808
699833
699846
699864
700371
700626
700856
700913
700986
701344
701509
701571
701668
701758
701774
701775
701925
701926
702152
702186
702236
702275
702525
702537
702945
703031
703065
703144
703205
703229
703301
703318
703379
703432
703476
703492
703577
703760
703973
703983
704149
704185
704267
704284
704382
704459
704486
704512
704762
704926
705091
705137
705139
705241
705256
705441
705531
705565
705589
705617
705739
705993
705995
706010
706122
706140
706223
706226
706459
706601
706656
706859
706886
707034
707086
707094
707142
707205
707369
707434
707449
707585
707824
708015
708045
708190
708199
708300
708309
708328
708345
708401
708533
708951
709170
709343
709425
709627
709712
709763
709812
709847
710022
710025
710144
710160
710164
710324
710460
710491
710676
710834
710904
711000
711074
711132
711137
711243
711294
711360
711576
711665
711852
711951
712041
712237
712454
712469
712492
712571
712649
712870
712916
713155
713196
713239
713431
713551
713693
713722
713840
713862
713897
713938
714070
714095
714419
714483
714677
714953
714984
715123
715165
715245
715368
715534
715871
715936
716025
716193
716225
716394
716819
716922
717057
717082
717188
717282
717450
717552
717805
717913
718064
718108
718113
718141
718326
718350
718358
718481
718533
718542
718670
718978
719076
719189
719232
719435
719457
719527
719582
719632
719932
720041
720120
720407
720456
720509
720601
720641
720669
720718
720782
720800
720828
720895
720954
721002
721036
721036
721093
721144
721314
721473
721504
721635
722091
722118
722130
722257
722282
722300
722322
722490
722510
722657
722677
723060
723130
723310
723372
723385
723694
724021
724022
724050
724064
724297
724389
724481
724486
724577
724671
724711
724745
725073
725207
725363
725446
725716
725787
726103
726648
726753
726762
726831
726868
726944
726957
727031
727182
727498
727792
727984
728042
728139
728152
728152
728227
728290
728384
728470
728704
728733
728987
728995
728998
729035
729262
729475
729595
729622
729878
730072
730147
730238
730441
730472
730519
730555
731010
731124
731137
731172
731344
731411
731413
731475
731510
731648
731760
731766
731774
731916
731918
732129
732248
732453
732590
732630
732877
732922
733161
733216
733234
733329
733351
733483
733645
733748
733830
733842
733888
733987
734048
734104
734276
734369
734370
734384
734498
734513
734524
734591
734620
734693
734878
734913
735063
735073
735256
735661
735767
735900
736030
736157
736340
736392
736450
736504
736508
736519
736554
736635
736736
736747
736777
736806
736958
737116
737201
737206
737234
737282
737435
737493
737584
737632
737735
737847
737878
737947
738041
738143
738351
738576
739022
739110
739111
739129
739474
739506
739788
739936
739938
739946
740028
740069
740106
740131
740157
740238
740363
740435
740475
740522
740604
740619
740726
740748
740863
740974
741138
741167
741203
741254
741303
741377
741383
741447
741542
741700
742000
742393
742732
742740
742756
742889
743060
743061
743159
743182
743285
743384
743546
743585
743718
743862
743882
743904
743970
744022
744071
744090
744195
744485
744584
744620
744661
744944
745061
745225
745252
745289
745607
745670
745671
745683
745925
745989
746008
746092
746174
746231
746379
746401
746509
746525
746659
746698
746792
746862
746916
747175
747307
747321
747434
747513
747631
747690
747856
748023
748172
748208
748421
748605
748638
748733
748851
748937
748948
749086
749126
749174
749271
749349
749457
749480
749502
749586
749639
750201
750201
750502
750538
750557
750558
750762
750773
750836
751130
751193
751288
751517
751709
751869
752128
752163
752255
752370
752488
752526
752701
752709
752902
752902
752903
752968
753018
753204
753214
753346
753463
753494
753517
753563
753587
753640
753640
753734
753957
754109
754219
754373
754587
754640
754755
755081
755431
755490
755569
755981
756154
756204
756252
756301
756468
756708
756731
756746
756747
756779
756862
756969
757050
757053
757065
757545
757562
757625
757754
757859
758066
758107
758429
758471
758561
758708
758773
758869
758997
759081
759085
759096
759137
759233
759454
759462
759530
759554
759798
759914
759958
760006
760071
760101
760279
760382
760479
760529
760584
760626
760894
761134
761418
761537
761759
761813
761828
761856
761915
761966
762059
762095
762110
762118
762311
762314
762618
762719
762831
762878
763080
763142
763289
763355
763395
763398
763444
763467
763597
763642
763887
763972
764083
764235
764247
764252
764281
764567
764618
764627
765020
765033
765081
765328
765537
765568
765683
765754
765786
765892
765955
766104
766115
766360
766443
766456
766524
766566
766654
766678
767128
767305
767593
767664
767781
768006
768054
768103
768144
768161
768202
768225
768313
768322
768542
768552
768609
768934
769024
769072
769269
769334
769377
769560
769727
769896
770013
770148
770150
770172
770246
770447
770487
770524
770563
770570
770809
770953
770981
771007
771076
771192
771200
771307
771385
771412
771483
771530
771590
771733
771819
771953
772235
772242
772372
772467
772484
772524
772560
772580
772744
772860
772891
772897
772963
772982
773073
773094
773184
773221
773341
773616
773623
773656
773879
773899
773945
773951
774026
774267
774364
774389
774445
774454
774462
774553
774816
774836
774870
775413
775471
775718
775746
775820
775861
775894
776141
776468
776507
776530
776769
777007
777009
777125
777141
777194
777211
777337
777419
777609
777695
777844
777956
777993
778316
778323
778596
778753
778858
778872
778936
778957
779011
779014
779074
779131
779340
779431
779519
779539
779539
779770
780000
780073
780093
780113
780263
780352
780463
780519
780598
780619
780657
780871
780896
780960
780976
781068
781081
781256
781257
781334
781591
781674
781895
781914
782070
782077
782153
782244
782345
782509
782619
782628
782677
782886
783246
783468
783490
783531
783717
783787
783955
784026
784042
784099
784285
784304
784344
784345
784375
784452
784519
784537
784698
784779
784814
784828
784923
784994
785065
785374
785433
785547
785624
785661
785669
785681
786044
786087
786117
786192
786298
786307
786328
786436
786543
786592
786740
786766
786892
786963
786991
787038
787084
787113
787213
787294
787308
787340
787580
787616
787798
788006
788050
788176
788221
788233
788459
788486
788548
788571
788580
788587
788665
788671
788913
788952
789246
790108
790173
790352
790358
790498
790540
790708
790714
790782
790859
791066
791078
791105
791147
791170
791391
791401
791413
791530
791716
791724
791874
792024
792187
792264
792346
792447
792460
792601
792727
792778
792941
792950
793168
793242
793315
793597
793701
793724
793803
793841
793993
794058
794120
794262
794440
794622
794701
794911
794990
795086
795113
795184
795206
795282
795430
795451
795557
795856
795903
796191
796519
796543
796616
796734
796759
796906
796997
797090
797425
797441
797516
797685
797793
797852
797872
797894
797920
798095
798182
798504
798543
798737
798745
798768
798819
798862
798950
799153
799208
799210
799240
799300
799382
799451
799456
799494
799610
799876
799949
799951
800210
800319
800407
800556
800768
800807
801023
801136
801617
801682
801793
801800
801841
802216
802239
802268
802299
802323
802413
802434
802605
802867
802878
802897
803039
803086
803091
803165
803269
803291
803317
803369
803455
803487
803628
803680
803733
803936
804245
804329
804387
804522
804635
804782
804936
805099
805341
805393
805405
805913
805974
806037
806258
806304
806371
806431
806453
806510
806638
806748
806774
806877
806924
806957
807080
807266
807303
807360
807421
807467
807503
807517
807618
807698
807839
807939
808069
808075
808122
808148
808410
808514
808523
808638
808651
808794
808845
808961
809008
809126
809161
809319
809355
809650
809723
809863
810305
810312
810524
810542
810790
811047
811098
811137
811151
811534
811654
811730
811843
811910
811971
812120
812239
812303
812371
812478
812535
812688
812951
813133
813195
813288
813347
813352
813526
813715
813717
813735
813786
813807
813863
814033
814039
814056
814290
814379
814390
814528
814554
814791
814800
814855
814885
815300
815463
815596
815604
815672
815738
815805
815869
816246
816327
816670
816717
816887
816909
817048
817131
817151
817384
817397
817448
817782
817989
818000
818083
818092
818171
818271
818514
818564
818829
818964
819344
819370
819491
819656
819666
819700
819859
819955
820186
820390
820515
820677
820711
820934
820991
821057
821112
821193
821288
821335
821344
821582
821857
821867
822059
822116
822203
822400
822414
822442
822477
822618
822626
822626
822646
822900
823008
823132
823159
823185
823197
823406
823417
823511
823561
823561
823674
823677
823691
823874
824001
824015
824064
824117
824280
824407
824453
824517
824695
824737
824841
824905
824980
824989
825060
825128
825134
825188
825227
825315
825318
825543
825786
825829
825866
825921
825970
826002
826090
826098
826269
826502
826585
826721
827001
827262
827275
827714
827946
828054
828376
828489
828624
828646
828776
828779
828881
828960
829039
829079
829200
829395
829431
829802
830087
830115
830181
830189
830309
830473
830490
830497
830604
830652
830724
830829
830852
831034
831119
831392
831497
831588
831656
831799
831970
831982
832047
832164
832213
832412
832768
832781
832787
832845
833092
833128
833242
833320
833566
833568
833575
833655
833699
833747
833818
834208
834522
834529
834604
834645
834793
834921
835047
835049
835139
835210
835442
835583
835666
835817
835881
835948
836008
836149
836165
836215
836353
836353
836730
836747
836958
836964
837044
837059
837132
837189
837472
837473
837689
838106
838213
838310
838460
838536
838606
838690
838725
838786
838864
838883
838946
839127
839157
839190
839242
839333
839487
839490
839633
839703
839798
839840
839866
839904
839982
840052
840458
840656
840818
840834
840938
840982
841027
841092
841175
841230
841409
841444
841530
841617
841748
841765
841922
842039
842157
842261
842301
842325
842417
842601
842652
842835
842969
842974
843115
843140
843254
843254
843506
843606
843626
843738
843744
843800
843841
843892
844113
844125
844173
844192
844289
844304
844328
844565
844697
844698
844712
844735
844830
845061
845145
845159
845187
845423
845546
845576
845640
845681
845684
845700
845703
846479
846494
846617
846659
846701
846835
846851
846886
846951
846972
847067
847129
847189
847194
847289
847311
847321
847516
847516
847597
847646
847730
847810
847859
848038
848422
848539
848686
848808
848849
848859
848905
848915
849272
849293
849310
849393
849599
849632
849761
849799
849961
849981
850036
850145
850186
850368
850550
850634
850756
850942
850984
851022
851049
851087
851108
851240
851284
851431
851573
851757
851767
851996
852137
852246
852305
852364
852450
852553
852628
852663
852689
852787
852844
852896
852960
853074
853096
853126
853266
853341
853607
853659
853811
853826
854028
854092
854162
854177
854180
854199
854232
854351
854504
854547
854567
854620
854668
854767
854895
854929
855007
855129
855422
855428
855429
855782
855951
856067
856166
856182
856471
856605
856637
856673
856719
856896
856954
857420
857429
857652
857890
857908
857962
858043
858196
858453
858469
858538
858672
858914
859141
859162
859191
859338
859672
859693
859725
860089
860176
860330
860392
860507
860608
860608
860623
860720
860824
861113
861148
861179
861222
861312
861467
861485
861615
861800
861810
861877
861913
861953
862095
862423
862461
862582
862805
862825
862935
863102
863333
863408
863486
863509
863580
863598
863704
863775
863816
863858
863917
863963
864317
864735
864878
864923
864929
864970
865027
865359
865700
865763
865863
865918
865919
865932
865966
866015
866171
866251
866254
866294
866351
866485
866512
866733
866764
867008
867046
867191
867239
867258
867631
867662
867719
868047
868064
868193
868253
868619
868697
868821
868944
869015
869056
869330
869517
869531
869584
869711
869804
869831
869895
869915
869941
870269
870437
870483
870561
870565
870712
870886
871064
871103
871120
871173
871475
871518
871693
871697
871797
872041
872232
872275
872349
872472
872513
872565
872629
872767
872827
872873
872880
872967
873053
873079
873112
873451
873580
873602
873643
873764
873775
873831
874026
874091
874166
874233
874242
874392
874535
874651
874669
874679
874681
874758
874842
874969
875209
875276
875393
875802
875935
875938
875966
876106
876208
876328
876337
876385
876576
876576
876673
876764
876768
876872
876918
876944
877088
877359
877617
877658
877666
877667
878001
878114
878139
878161
878292
878332
878404
878531
878580
878758
878828
879071
879146
879176
879230
879318
879529
879558
879568
879576
879661
879923
880040
880079
880137
880259
880332
880397
880455
880514
880520
880598
880602
880617
880624
880848
880902
880911
881227
881405
881434
881452
881513
881626
881629
881717
881718
881882
881960
882263
882388
882479
882492
882862
882889
882896
882977
882998
883145
883396
883442
883486
883571
883627
883655
883676
883722
883825
883889
883957
884177
884269
884358
884437
884539
884691
884798
884847
884899
885027
885110
885131
885350
885354
885461
885548
885629
885662
885704
885751
885854
885880
885906
886198
886221
886378
886465
886495
886619
886773
886822
886935
887015
887056
887117
887182
887223
887326
887366
887467
887517
887674
887749
887912
887964
887997
888092
888120
888160
888163
888198
888285
888322
888431
888596
888699
888968
888975
889033
889113
889230
889336
889429
889462
889504
889514
889603
889805
889811
889819
889853
889871
889918
889935
890074
890101
890269
890276
890375
890438
890854
890987
891028
891068
891114
891219
891526
891571
891646
892169
892407
892481
892615
892941
892963
892997
893207
893236
893276
893315
893367
893457
893548
893908
893912
893949
894040
894097
894123
894292
894311
894408
894496
894810
894831
894852
895075
895088
895113
895180
895249
895393
895502
895922
895961
895986
896034
896354
896378
896792
896970
897066
897148
897241
897405
897501
897547
897590
897592
897619
897773
898023
898108
898200
898216
898223
898264
898286
898334
898378
898385
898432
898468
898515
898548
898637
898654
898867
898904
899160
899202
899520
899597
899661
899664
899725
899792
899810
899894
899920
899948
900096
900500
900563
900679
900700
900785
900847
901003
901027
901085
901090
901527
901669
901683
901827
901828
901841
902014
902109
902234
902622
902659
902694
902951
903056
903412
903423
903435
903476
903550
903741
904221
904359
904449
904498
904509
904553
904596
904603
904747
904841
904975
905234
905412
905491
905655
905684
906214
906258
906360
906512
906659
906663
906735
906806
906977
906981
907213
907228
907315
907433
907435
907487
907501
907602
907651
907944
908048
908148
908267
908282
908294
908318
908505
908588
908642
908770
908937
908953
909042
909081
909455
909481
909565
909609
909678
909690
909726
909765
910063
910466
910474
910568
910731
910798
910828
910846
910958
911027
911090
911132
911218
911313
911362
911716
911727
911729
911912
912067
912080
912131
912142
912225
912311
912340
912608
912810
912820
912858
912868
912963
912963
913125
913144
913163
913179
913183
913201
913389
913569
913590
913667
913725
913816
914052
914162
914336
914401
914479
914576
914651
914733
914822
914910
914949
914962
915024
915047
915185
915222
915258
915337
915375
915536
915677
915684
915906
916053
916059
916187
916269
916270
916313
916323
916604
916615
916649
916677
916792
916793
916930
917080
917260
917264
917491
917499
917683
918030
918065
918170
918264
918322
918364
918365
918399
918441
918577
918663
918726
918759
918946
918963
919156
919166
919167
919290
919296
919441
919629
919710
919779
920003
920017
920114
920463
920642
920680
920747
920795
920886
920994
921053
921104
921307
921395
921412
921417
921419
921556
921577
921582
921694
921873
921877
921941
921962
922179
922254
922541
923265
923334
923355
923431
923451
923899
923945
923958
924005
924022
924062
924090
924445
924680
925007
925059
925124
925240
925296
925469
925672
925909
925951
926160
926354
926391
926726
926913
927037
927275
927398
927408
927422
927451
927533
927742
927863
927879
927951
927972
928330
928442
928464
928563
928905
928986
929295
929307
929384
929788
929791
929931
930245
930277
930412
930412
930463
930484
930569
930848
930940
930942
930968
931102
931262
931281
931327
931490
931502
931699
931702
931753
931818
931884
931886
931917
931944
931973
932192
932220
932233
932345
932538
932695
932700
932765
933067
933470
933565
933581
933689
933731
933814
933814
933828
934119
934121
934428
934480
934546
934671
934950
935008
935032
935057
935115
935161
935207
935364
935406
935445
935537
935592
935691
935728
935737
935823
935869
935878
936031
936114
936178
936279
936495
936534
936664
936702
936736
936805
936879
936936
936942
937009
937118
937203
937370
937571
937614
937665
937740
937751
937756
937868
937996
938111
938302
938571
938605
938625
938981
939028
939224
939259
939321
939496
939514
939664
939816
939944
940144
940152
940355
940389
940426
940436
940438
940540
940613
940661
940719
940950
940970
941004
941290
941378
941466
941468
941561
941803
942193
942200
942389
942389
942488
942508
942588
942646
942667
942842
942977
943007
943343
943367
943478
943610
943614
943758
943821
943937
943985
944025
944304
944441
944496
944643
944745
944854
944917
945138
945145
945267
945310
945410
945626
945634
945672
945715
945780
945937
946124
946167
946184
946316
946557
946564
946612
946685
946789
946811
946900
947234
947260
947317
947331
947429
947525
947595
947726
947763
947782
947791
947851
947949
948034
948092
948170
948189
948262
948282
948424
948467
948618
948618
948632
948672
948885
948896
948914
948917
949029
949165
949265
949266
949323
949342
949384
949419
949444
949613
949655
949895
949997
950171
950391
950504
950603
950681
950703
950738
950764
950778
950837
950887
950933
950958
951088
951308
951312
951525
951546
951569
951597
951678
951961
952003
952197
952417
952689
952713
952779
952795
952833
952966
953048
953056
953237
953292
953392
953408
953424
953452
953456
953507
953659
953887
953924
953994
954200
954313
954491
954507
954606
954688
954740
954833
955002
955006
955103
955146
955163
955373
955609
955688
955717
955832
956002
956085
956122
956123
956164
956184
956293
956468
956577
956585
956831
957002
957012
957053
957066
957151
957172
957233
957538
957538
957624
957757
957861
957937
957985
958239
958275
958295
958405
958506
958732
958739
958787
959279
959279
959350
959382
959426
959477
959642
959660
959974
960046
960063
960111
960155
960246
960280
960914
960952
961122
961129
961130
961167
961189
961220
961364
961536
961634
961729
962216
962313
962370
962440
962466
962491
962645
962683
962979
963305
963352
963355
963538
963782
963858
963913
963946
963978
964044
964272
964576
964634
964790
964798
964860
965063
965079
965089
965193
965550
965697
966003
966061
966117
966214
966240
966700
966718
966789
966851
967043
967149
967260
967502
967561
967799
967861
967871
967943
967979
967996
968133
968174
968181
968184
968384
968409
968524
968595
968738
968865
969017
969055
969265
969276
969393
969455
969521
969608
969750
969908
969924
970072
970103
970339
970454
970820
971109
971547
971569
971700
971795
971962
971985
972008
972158
972177
972182
972287
972326
972451
972524
972536
972651
972801
973090
973226
973453
973469
973577
973587
973612
973708
973714
973801
973962
973976
974069
974194
974246
974277
974310
974354
974384
974479
974538
974675
974712
974753
974794
974916
974964
974980
975275
975295
975466
975562
975618
975663
975682
975983
975989
976062
976235
976285
976520
976710
976741
976919
977067
977250
977476
977549
977550
977564
977828
977866
978176
978258
978366
978537
978616
978716
978760
978801
979066
979075
979085
979112
979179
979215
979297
979332
979422
979535
979649
979849
979899
979920
979923
980012
980053
980173
980245
980288
980393
980402
980530
980612
980627
980648
980931
980962
981017
981085
981177
981241
981268
981367
981427
981446
981508
981534
981746
981934
982030
982077
982449
982513
982743
982825
982918
982935
983057
983098
983291
983404
983465
983538
983611
983612
983633
983633
983833
983836
983852
983961
983965
984038
984391
984516
984602
984737
984782
984952
985023
985219
985266
985277
985285
985313
985358
985504
985564
985813
986022
986080
986191
986274
986324
986536
986569
986746
986862
987033
987043
987130
987166
987191
987215
987231
987444
987787
987963
988023
988033
988460
988588
988617
988755
988818
989072
989110
989246
989327
989448
989449
989569
989812
989821
989915
989995
990353
990750
990934
991372
991485
991568
991725
991831
991990
992187
992213
992243
992249
992352
992359
992404
992454
992532
992683
992923
993050
993067
993176
993195
993460
993560
993726
993727
993745
993836
993965
994044
994053
994172
994413
995003
995113
995338
995371
995486
995558
995614
995635
995649
995702
995868
995901
995901
995918
995931
995979
996109
996136
996203
996250
996298
996436
996455
996674
996849
996984
997046
997120
997185
997369
997392
997466
997470
997584
997786
997837
997871
997978
997991
998132
998139
998197
998224
998255
998272
998414
998424
998475
998511
998525
998578
998699
998743
998774
998775
999017
999102
999162
999167
999374
999494
999545
999657